368
441
274
99
271
485
242
344
545
325
73
565
327
149
178
397
281
76
366
403
378
50
14
205
166
153
209
560
126
359
347
135
120
436
245
187
150
402
92
324
543
462
217
538
425
143
460
547
305
112
505
207
342
260
448
62
386
222
77
376
154
367
501
114
484
85
59
381
270
223
446
566
225
194
496
286
157
4
576
78
472
384
15
212
356
527
276
283
218
517
228
19
333
27
422
241
492
539
259
374
192
193
258
414
188
424
334
491
520
291
29
515
292
317
465
349
421
184
244
10
522
303
529
300
268
337
170
231
71
186
48
480
293
272
435
145
489
24
493
537
229
211
138
516
9
105
500
144
444
315
316
548
487
246
420
555
36
369
90
267
151
252
306
404
132
546
361
413
123
131
263
20
56
518
25
474
41
310
429
199
352
101
284
534
379
82
483
372
128
449
419
117
506
79
322
94
445
70
295
427
551
301
66
233
319
568
189
308
504
125
326
299
107
47
39
38
198
152
426
169
313
524
541
133
227
110
513
22
495
531
329
309
438
202
96
108
11
454
156
304
412
443
509
573
109
216
203
60
197
330
519
68
394
375
98
535
230
567
287
350
91
250
409
239
530
6
52
362
127
523
554
473
389
210
494
8
171
160
45
173
139
346
399
204
75
430
407
385
482
54
215
219
1
18
69
396
298
528
411
111
72
550
296
526
236
323
261
86
417
285
469
88
5
512
302
240
532
201
452
335
476
31
248
572
37
61
65
542
16
162
577
406
43
552
93
146
311
458
97
191
488
525
