174
343
467
224
351
373
490
400
83
262
354
392
479
510
81
508
497
134
161
415
106
213
55
514
357
121
116
290
331
142
33
21
180
289
498
380
559
163
113
575
466
103
221
102
129
208
168
124
320
453
176
87
468
104
74
155
478
503
398
249
255
58
118
12
339
507
159
321
264
266
561
278
237
226
235
570
408
355
423
393
549
442
42
553
312
7
440
562
196
437
294
256
557
214
40
243
44
181
175
67
23
363
280
232
340
377
447
164
345
35
247
470
439
307
465
349
421
184
244
10
522
303
529
300
268
337
170
231
71
186
48
480
293
272
435
145
489
24
493
537
229
211
138
516
9
105
500
144
444
315
316
548
487
246
420
555
36
369
90
267
151
252
306
404
132
546
361
413
123
131
263
20
56
518
25
474
41
310
429
199
352
101
284
534
379
82
483
372
128
449
419
117
506
79
322
94
445
70
295
427
551
301
66
233
319
568
189
308
504
125
326
299
107
47
39
38
198
152
426
169
313
524
541
133
227
110
513
22
495
531
329
309
438
202
96
108
11
454
156
304
412
443
509
573
109
216
203
60
197
330
519
68
394
375
98
535
230
567
287
350
91
250
409
239
530
6
52
362
127
523
554
473
389
210
494
8
171
160
45
173
139
346
399
204
75
430
407
385
482
54
215
219
1
18
69
396
298
528
411
111
72
550
296
526
236
323
261
86
417
285
469
88
5
512
302
240
532
201
452
335
476
31
248
572
37
61
65
542
16
162
577
406
43
552
93
146
311
458
97
191
488
525
