455
64
140
57
341
257
148
136
563
502
328
569
370
416
536
433
234
269
17
401
318
461
253
265
428
388
185
456
130
387
220
360
390
481
332
172
391
63
251
32
26
53
84
119
540
177
564
141
486
2
395
450
544
238
34
100
288
459
358
410
405
158
273
382
179
471
89
297
277
434
348
571
137
254
3
183
46
431
122
457
51
279
533
95
336
275
371
206
28
115
30
558
13
556
418
200
499
511
353
314
49
383
282
338
165
451
364
475
167
80
365
147
432
182
174
343
467
224
351
373
490
400
83
262
354
392
479
510
81
508
497
134
161
415
106
213
55
514
357
121
116
290
331
142
33
21
180
289
498
380
559
163
113
575
466
103
221
102
129
208
168
124
320
453
176
87
468
104
74
155
478
503
398
249
255
58
118
12
339
507
159
321
264
266
561
278
237
226
235
570
408
355
423
393
549
442
42
553
312
7
440
562
196
437
294
256
557
214
40
243
44
181
175
67
23
363
280
232
340
377
447
164
345
35
247
470
439
307
465
349
421
184
244
10
522
303
529
300
268
337
170
231
71
186
48
480
293
272
435
145
489
24
493
537
229
211
138
516
9
105
500
144
444
315
316
548
487
246
420
555
36
369
90
267
151
252
306
404
132
546
361
413
123
131
263
20
56
518
25
474
41
310
429
199
352
101
284
534
379
82
483
372
128
449
419
117
506
79
322
94
445
70
295
427
551
301
66
233
319
568
189
308
504
125
326
299
107
47
39
38
198
152
426
169
313
524
541
133
227
110
513
22
