368
441
274
99
271
485
242
344
545
325
73
565
327
149
178
397
281
76
366
403
378
50
14
205
166
153
209
560
126
359
347
135
120
436
245
187
150
402
92
324
543
462
217
538
425
143
460
547
305
112
505
207
342
260
448
62
386
222
77
376
154
367
501
114
484
85
59
381
270
223
446
566
225
194
496
286
157
4
576
78
472
384
15
212
356
527
276
283
218
517
228
19
333
27
422
241
492
539
259
374
192
193
258
414
188
424
334
491
520
291
29
515
292
317
455
64
140
57
341
257
148
136
563
502
328
569
370
416
536
433
234
269
17
401
318
461
253
265
428
388
185
456
130
387
220
360
390
481
332
172
391
63
251
32
26
53
84
119
540
177
564
141
486
2
395
450
544
238
34
100
288
459
358
410
405
158
273
382
179
471
89
297
277
434
348
571
137
254
3
183
46
431
122
457
51
279
533
95
336
275
371
206
28
115
30
558
13
556
418
200
499
511
353
314
49
383
282
338
165
451
364
475
167
80
365
147
432
182
174
343
467
224
351
373
490
400
83
262
354
392
479
510
81
508
497
134
161
415
106
213
55
514
357
121
116
290
331
142
33
21
180
289
498
380
559
163
113
575
466
103
221
102
129
208
168
124
320
453
176
87
468
104
74
155
478
503
398
249
255
58
118
12
339
507
159
321
264
266
561
278
237
226
235
570
408
355
423
393
549
442
42
553
312
7
440
562
196
437
294
256
557
214
40
243
44
181
175
67
23
363
280
232
340
377
447
164
345
35
247
470
439
307
