368
441
274
99
271
485
242
344
545
325
73
565
327
149
178
397
281
76
366
403
378
50
14
205
166
153
209
560
126
359
347
135
120
436
245
187
150
402
92
324
543
462
217
538
425
143
460
547
305
112
505
207
342
260
448
62
386
222
77
376
154
367
501
114
484
85
59
381
270
223
446
566
225
194
496
286
157
4
576
78
472
384
15
212
356
527
276
283
218
517
228
19
333
27
422
241
492
539
259
374
192
193
258
414
188
424
334
491
520
291
29
515
292
317
455
64
140
57
341
257
148
136
563
502
328
569
370
416
536
433
234
269
17
401
318
461
253
265
428
388
185
456
130
387
220
360
390
481
332
172
391
63
251
32
26
53
84
119
540
177
564
141
486
2
395
450
544
238
34
100
288
459
358
410
405
158
273
382
179
471
89
297
277
434
348
571
137
254
3
183
46
431
122
457
51
279
533
95
336
275
371
206
28
115
30
558
13
556
418
200
499
511
353
314
49
383
282
338
165
451
364
475
167
80
365
147
432
182
495
531
329
309
438
202
96
108
11
454
156
304
412
443
509
573
109
216
203
60
197
330
519
68
394
375
98
535
230
567
287
350
91
250
409
239
530
6
52
362
127
523
554
473
389
210
494
8
171
160
45
173
139
346
399
204
75
430
407
385
482
54
215
219
1
18
69
396
298
528
411
111
72
550
296
526
236
323
261
86
417
285
469
88
5
512
302
240
532
201
452
335
476
31
248
572
37
61
65
542
16
162
577
406
43
552
93
146
311
458
97
191
488
525
